30 100
0 471 846 710 730 800 440 114 182 286 828 314 463 130 924 143 742 405 524 862 655 894 391 541 919 655 581 487 390 784
471 0 500 801 447 333 272 504 298 241 577 266 710 343 713 340 811 106 123 586 244 573 80 92 636 244 170 172 85 526
846 500 0 695 140 511 408 814 728 562 176 532 800 750 300 706 677 484 380 144 262 80 549 412 164 262 331 375 566 156
710 801 695 0 568 1054 530 602 755 610 539 564 295 726 511 657 42 699 723 588 746 674 769 781 622 746 735 646 787 541
730 447 140 568 0 550 290 687 630 453 130 417 660 645 270 593 554 403 323 143 247 166 477 370 197 247 290 291 496 80
800 333 511 1054 550 0 543 838 620 570 664 585 1019 670 803 673 1053 427 344 648 314 590 411 295 676 314 320 421 410 622
440 272 408 530 290 543 0 407 348 166 396 127 481 358 510 304 538 177 200 426 272 454 254 254 482 272 228 122 274 350
114 504 814 602 687 838 407 0 252 281 773 291 349 200 857 167 636 420 532 812 653 854 427 560 868 653 585 480 431 734
182 298 728 755 630 620 348 252 0 183 744 230 560 53 859 102 779 252 372 771 507 787 218 376 826 507 430 353 213 696
286 241 562 610 453 570 166 281 183 0 563 50 475 192 675 144 629 143 250 592 373 615 178 281 648 373 304 202 191 516
828 577 176 539 130 664 396 773 744 563 0 522 688 754 141 698 516 528 453 50 373 136 604 500 98 373 420 417 623 50
314 266 532 564 417 585 127 291 230 50 522 0 444 233 630 176 581 161 251 553 363 581 212 291 609 363 300 191 228 476
463 710 800 295 660 1019 481 349 560 475 688 444 0 518 715 457 336 604 675 737 750 808 652 724 785 750 709 600 666 669
130 343 750 726 645 670 358 200 53 192 754 233 518 0 863 70 753 286 407 784 541 806 263 417 840 541 465 380 260 708
924 713 300 511 270 803 510 857 859 675 141 630 715 863 0 802 480 657 591 156 514 234 735 640 148 514 560 549 755 190
143 340 706 657 593 673 304 167 102 144 698 176 457 70 802 0 683 264 383 730 512 757 261 403 786 512 439 344 264 652
742 811 677 42 554 1053 538 636 779 629 516 581 336 753 480 683 0 711 728 565 743 652 782 786 596 743 736 652 801 522
405 106 484 699 403 427 177 420 252 143 528 161 604 286 657 264 711 0 120 546 255 549 80 140 599 255 178 111 100 477
524 123 380 723 323 344 200 532 372 250 453 251 675 407 591 383 728 120 0 463 136 451 170 58 512 136 58 78 186 403
862 586 144 588 143 648 426 812 771 592 50 553 737 784 156 730 565 546 463 0 370 89 620 506 56 370 424 434 639 78
655 244 262 746 247 314 272 653 507 373 373 363 750 541 514 512 743 255 136 370 0 339 304 152 411 0 78 172 318 325
894 573 80 674 166 590 454 854 787 615 136 581 808 806 234 757 652 549 451 89 339 0 617 487 89 339 404 438 635 140
391 80 549 769 477 411 254 427 218 178 604 212 652 263 735 261 782 80 170 620 304 617 0 161 672 304 226 186 20 553
541 92 412 781 370 295 254 560 376 281 500 291 724 417 640 403 786 140 58 506 152 487 161 0 553 152 82 134 172 450
919 636 164 622 197 676 482 868 826 648 98 609 785 840 148 786 596 599 512 56 411 89 672 553 0 411 470 487 690 134
655 244 262 746 247 314 272 653 507 373 373 363 750 541 514 512 743 255 136 370 0 339 304 152 411 0 78 172 318 325
581 170 331 735 290 320 228 585 430 304 420 300 709 465 560 439 736 178 58 424 78 404 226 82 470 78 0 111 240 370
487 172 375 646 291 421 122 480 353 202 417 191 600 380 549 344 652 111 78 434 172 438 186 134 487 172 111 0 206 366
390 85 566 787 496 410 274 431 213 191 623 228 666 260 755 264 801 100 186 639 318 635 20 172 690 318 240 206 0 572
784 526 156 541 80 622 350 734 696 516 50 476 669 708 190 652 522 477 403 78 325 140 553 450 134 325 370 366 572 0
21 16 65
14 13 86
0 14 92
15 5 67
7 1 50
13 17 28
26 14 56
6 11 12
13 26 46
16 22 78
27 6 12
22 28 2
11 7 29
17 23 14
13 1 34
0 16 74
29 6 35
10 20 37
15 16 68
15 25 51
16 24 59
23 29 45
12 29 66
26 18 5
15 18 38
7 14 85
28 9 19
5 16 105
14 28 75
5 25 31
13 14 86
16 10 51
8 27 35
16 19 56
20 1 24
6 29 35
21 27 43
3 21 67
27 24 48
24 16 59
26 13 46
19 29 7
8 29 69
16 21 65
29 15 65
12 17 60
4 13 64
27 17 11
27 26 11
7 2 81
24 18 51
25 17 25
23 1 9
12 10 68
3 7 60
6 24 48
4 15 59
1 9 24
25 28 31
20 16 74
13 4 64
2 1 50
0 13 13
1 20 24
11 22 21
2 19 14
6 10 39
22 6 25
15 22 26
12 14 71
21 26 40
8 1 29
27 23 13
0 6 44
1 13 34
6 3 53
26 15 43
6 12 48
20 11 36
17 15 26
17 24 59
8 21 78
0 26 58
20 13 54
24 29 13
13 29 70
16 25 74
0 10 82
11 28 22
18 6 20
21 5 59
7 6 40
6 16 53
7 15 16
23 11 29
27 11 19
8 7 25
13 6 35
6 0 44
13 15 7
