20 50
0 817 370 810 881 677 829 301 444 899 461 832 492 236 754 545 211 431 904 363
817 0 500 30 220 141 430 965 1070 640 356 500 636 763 404 617 653 993 116 502
370 500 0 502 520 362 680 619 755 828 174 714 237 445 608 264 313 709 565 288
810 30 502 0 250 140 400 950 1052 610 352 470 648 747 374 631 640 974 143 487
881 220 520 250 0 268 650 1083 1202 860 439 720 570 883 621 533 758 1134 144 631
677 141 362 140 268 0 436 838 949 635 215 497 519 636 388 508 519 876 233 376
829 430 680 400 650 436 0 833 887 210 509 72 899 660 76 904 618 798 532 471
301 965 619 950 1083 838 833 0 143 830 643 810 784 202 767 834 325 143 1070 463
444 1070 755 1052 1202 949 887 143 0 850 765 853 927 320 828 977 452 90 1179 573
899 640 828 610 860 635 210 830 850 0 668 140 1059 692 247 1071 691 760 742 573
461 356 174 352 439 215 509 643 765 668 0 548 392 445 439 403 318 702 443 206
832 500 714 470 720 497 72 810 853 140 548 0 940 647 111 948 620 762 604 483
492 636 237 648 570 519 899 784 927 1059 392 940 0 642 830 56 520 896 664 524
236 763 445 747 883 636 660 202 320 692 445 647 642 0 590 687 134 264 868 260
754 404 608 374 621 388 76 767 828 247 439 111 830 590 0 838 543 740 514 395
545 617 264 631 533 508 904 834 977 1071 403 948 56 687 838 0 561 943 636 553
211 653 313 640 758 519 618 325 452 691 318 620 520 134 543 561 0 398 752 161
431 993 709 974 1134 876 798 143 90 760 702 762 896 264 740 943 398 0 1104 503
904 116 565 143 144 233 532 1070 1179 742 443 604 664 868 514 636 752 1104 0 608
363 502 288 487 631 376 471 463 573 573 206 483 524 260 395 553 161 503 608 0
12 1 27
14 1 102
12 16 91
12 10 99
5 7 52
19 6 31
4 15 24
14 13 57
8 3 6
19 3 27
17 12 98
9 8 114
11 2 10
19 12 98
19 18 10
9 11 4
11 8 22
0 14 113
2 11 59
16 7 65
12 6 42
4 5 3
12 15 89
5 3 42
17 11 38
4 11 70
5 15 25
19 14 117
2 4 73
10 11 57
1 11 94
0 13 46
16 3 41
16 9 61
2 16 114
6 4 113
1 14 4
18 9 67
18 12 3
14 11 45
9 3 48
9 12 28
8 10 102
14 16 29
11 18 77
11 6 108
10 19 16
18 2 14
0 18 109
6 9 99
