20 50
0 490 475 271 549 602 241 456 580 497 594 753 818 657 156 180 190 133 543 866
490 0 411 590 674 855 300 246 502 266 1001 944 899 574 380 351 680 620 86 873
475 411 0 351 276 487 490 166 114 162 723 544 488 196 497 487 622 587 378 473
271 590 351 0 299 332 457 432 420 460 412 481 560 480 399 411 322 316 607 626
549 674 276 299 0 225 669 438 250 439 521 270 270 260 640 641 621 614 651 326
602 855 487 332 225 0 782 638 475 646 331 167 325 481 730 740 604 620 846 441
241 300 490 457 669 782 0 389 604 430 828 913 934 686 92 63 414 351 375 950
456 246 166 432 438 638 389 0 257 42 836 708 653 332 425 406 633 586 212 628
580 502 114 420 250 475 604 257 0 237 751 496 404 82 610 600 715 686 456 371
497 266 162 460 439 646 430 42 237 0 859 707 640 308 467 448 672 626 219 607
594 1001 723 412 521 331 828 836 751 859 0 466 652 779 749 771 491 538 1019 771
753 944 544 481 270 167 913 708 496 707 466 0 199 474 870 878 769 782 920 329
818 899 488 560 270 325 934 653 404 640 652 199 0 353 910 910 876 876 859 131
657 574 196 480 260 481 686 332 82 308 779 474 353 0 692 683 784 759 522 300
156 380 497 399 640 730 92 425 610 467 749 870 910 692 0 30 322 259 449 939
180 351 487 411 641 740 63 406 600 448 771 878 910 683 30 0 351 288 421 935
190 680 622 322 621 604 414 633 715 672 491 769 876 784 322 351 0 63 733 948
133 620 587 316 614 620 351 586 686 626 538 782 876 759 259 288 63 0 676 940
543 86 378 607 651 846 375 212 456 219 1019 920 859 522 449 421 733 676 0 822
866 873 473 626 326 441 950 628 371 607 771 329 131 300 939 935 948 940 822 0
4 0 14
4 9 23
3 1 86
12 16 76
4 12 72
3 10 28
5 7 11
1 6 51
17 18 85
9 17 98
2 11 40
10 18 89
0 11 22
16 1 88
2 14 61
2 5 32
15 11 72
2 17 26
18 10 53
18 13 30
12 3 49
12 6 44
17 2 21
5 3 18
4 17 40
19 8 47
8 14 15
10 8 83
0 16 95
15 1 81
15 13 71
6 13 48
7 12 62
12 2 99
16 18 67
4 13 57
17 16 98
11 9 67
11 12 83
8 19 53
2 9 43
2 6 6
16 5 5
18 2 92
10 19 100
2 15 89
16 14 22
16 11 82
16 17 72
18 14 101
