30 100
0 490 272 308 425 831 768 599 370 456 327 721 781 652 223 453 792 605 840 384 574 782 802 22 441 220 530 909 368 570
490 0 526 352 390 350 460 110 188 360 569 586 295 269 663 652 314 143 392 219 231 522 375 512 243 300 141 496 447 188
272 526 0 522 241 869 923 631 502 290 58 496 770 764 473 183 762 667 771 534 490 603 718 280 598 246 490 802 150 675
308 352 522 0 549 621 468 431 164 552 580 830 629 390 373 701 657 402 744 142 547 823 727 322 167 306 466 847 544 326
425 390 241 549 0 696 842 475 456 50 250 298 570 657 648 284 553 530 543 496 270 367 486 442 554 250 300 563 94 572
831 350 869 621 696 0 390 240 477 653 908 792 166 262 980 977 214 228 328 483 444 656 371 853 457 650 395 456 772 296
768 460 923 468 842 390 0 417 421 818 976 1042 520 196 830 1080 570 345 690 393 675 951 714 784 331 676 590 820 884 272
599 110 631 431 475 240 417 0 270 438 671 629 198 221 764 748 228 72 326 290 260 534 327 620 291 410 183 446 542 170
370 188 502 164 456 477 421 270 0 445 556 711 468 282 503 664 494 250 580 41 396 681 564 390 100 256 310 684 478 200
456 360 290 552 50 653 818 438 445 0 300 280 523 629 680 332 504 496 492 487 222 328 435 475 542 264 259 512 145 546
327 569 58 580 250 908 976 671 556 300 0 475 800 814 520 126 790 711 790 588 512 596 735 333 652 300 521 812 155 724
721 586 496 830 298 792 1042 629 711 280 475 0 632 845 943 424 594 699 523 753 368 181 460 737 802 544 451 470 357 773
781 295 770 629 570 166 520 198 468 523 800 632 0 349 958 855 50 238 171 487 303 490 206 804 484 577 280 301 654 340
652 269 764 390 657 262 196 221 282 629 814 845 349 0 762 909 396 148 513 270 478 755 530 671 223 520 394 641 708 89
223 663 473 373 648 980 830 764 503 680 520 943 958 762 0 640 976 753 1038 500 785 1004 1005 206 539 434 730 1117 588 693
453 652 183 701 284 977 1080 748 664 332 126 424 855 909 640 0 837 796 820 700 554 573 760 458 763 410 582 822 206 820
792 314 762 657 553 214 570 228 494 504 790 594 50 396 976 837 0 277 120 517 282 445 156 814 518 581 274 250 640 380
605 143 667 402 530 228 345 72 250 496 711 699 238 148 753 796 277 0 386 260 331 607 393 626 247 434 250 509 590 104
840 392 771 744 543 328 690 326 580 492 790 523 171 513 1038 820 120 386 0 607 281 358 63 862 617 622 310 130 636 490
384 219 534 142 496 483 393 290 41 487 588 753 487 270 500 700 517 260 607 0 434 721 594 403 64 290 347 715 516 194
574 231 490 547 270 444 675 260 396 222 512 368 303 478 785 554 282 331 281 434 0 290 232 596 470 354 90 334 360 411
782 522 603 823 367 656 951 534 681 328 596 181 490 755 1004 573 445 607 358 721 290 0 298 801 760 576 381 291 453 696
802 375 718 727 486 371 714 327 564 435 735 460 206 530 1005 760 156 393 63 594 232 298 0 824 610 582 275 120 580 496
22 512 280 322 442 853 784 620 390 475 333 737 804 671 206 458 814 626 862 403 596 801 824 0 458 242 552 930 383 590
441 243 598 167 554 457 331 291 100 542 652 802 484 223 539 763 518 247 617 64 470 760 610 458 0 353 380 731 578 161
220 300 246 306 250 650 676 410 256 264 300 544 577 520 434 410 581 434 622 290 354 576 582 242 353 0 313 688 237 430
530 141 490 466 300 395 590 183 310 259 521 451 280 394 730 582 274 250 310 347 90 381 275 552 380 313 0 390 378 323
909 496 802 847 563 456 820 446 684 512 812 470 301 641 1117 822 250 509 130 715 334 291 120 930 731 688 390 0 657 613
368 447 150 544 94 772 884 542 478 145 155 357 654 708 588 206 640 590 636 516 360 453 580 383 578 237 378 657 0 620
570 188 675 326 572 296 272 170 200 546 724 773 340 89 693 820 380 104 490 194 411 696 496 590 161 430 323 613 620 0
18 17 38
4 9 5
18 26 31
27 4 56
27 13 64
0 23 2
21 0 78
6 11 104
18 10 79
28 5 77
8 2 50
4 23 44
11 16 59
24 1 24
6 13 19
22 12 20
14 8 50
19 4 49
15 9 33
16 8 49
7 23 62
18 23 86
29 20 41
17 0 60
11 2 49
4 18 54
3 28 54
1 3 35
27 22 12
25 13 52
10 24 65
24 23 45
18 7 32
22 7 32
20 19 43
5 0 83
21 18 35
12 15 85
28 11 35
10 8 55
24 16 51
10 26 52
25 24 35
16 21 44
22 0 80
14 5 98
21 20 29
12 17 23
3 14 37
10 1 56
16 14 97
10 28 15
16 23 81
22 2 71
21 13 75
12 10 80
4 6 84
23 19 40
14 16 97
23 28 38
14 25 43
27 28 65
8 24 10
0 29 57
3 0 30
6 17 34
21 15 57
10 5 90
25 3 30
1 11 58
5 27 45
17 29 10
6 19 39
7 18 32
21 17 60
8 1 18
28 22 58
8 28 47
6 3 46
6 21 95
21 19 72
28 6 88
19 12 48
9 11 28
16 4 55
9 20 22
2 14 47
0 26 53
15 8 66
29 7 17
4 5 69
14 27 111
0 19 38
2 16 76
23 2 28
20 27 33
5 17 22
9 15 33
13 15 90
7 8 27
