30 100
0 669 710 282 468 596 630 498 723 535 566 770 822 585 741 152 156 72 400 368 374 698 330 784 756 294 441 353 341 388
669 0 161 420 835 936 458 537 1053 492 379 540 930 107 1081 639 780 596 339 601 580 921 353 152 915 912 340 398 336 581
710 161 0 432 778 862 335 452 970 396 276 392 810 248 999 645 794 640 452 552 530 824 380 98 806 914 300 505 370 526
282 420 432 0 460 581 375 291 711 302 296 517 697 361 736 219 364 218 282 243 230 622 70 514 650 492 161 280 92 240
468 835 778 460 0 130 499 335 260 398 511 585 396 804 282 330 357 480 736 234 254 244 527 876 318 340 495 720 550 254
596 936 862 581 130 0 557 410 131 468 587 616 322 914 155 460 477 610 861 344 362 156 646 961 241 436 596 847 668 358
630 458 335 375 499 557 0 171 651 110 94 142 475 490 680 505 647 579 581 320 300 495 378 430 471 731 230 609 388 290
498 537 452 291 335 410 171 0 520 63 178 288 420 534 548 358 490 459 554 152 136 384 325 551 388 564 213 565 343 123
723 1053 970 711 260 131 651 520 0 573 694 689 310 1037 28 590 596 740 992 471 488 170 774 1069 241 536 716 978 797 483
535 492 396 302 398 468 110 63 573 0 120 237 445 500 602 403 541 490 545 210 191 430 323 495 423 622 191 563 338 180
566 379 276 296 511 587 94 178 694 120 0 228 550 400 722 455 602 509 487 300 278 549 290 375 537 701 141 516 298 272
770 540 392 517 585 616 142 288 689 237 228 0 454 592 716 640 777 721 711 441 424 521 517 472 475 851 368 743 526 412
822 930 810 697 396 322 475 420 310 445 550 454 0 945 330 670 742 811 971 471 475 165 741 903 80 736 631 977 761 463
585 107 248 361 804 914 490 534 1037 500 400 592 945 0 1064 574 707 512 233 571 552 917 290 259 921 843 323 292 270 555
741 1081 999 736 282 155 680 548 28 602 722 716 330 1064 0 610 611 760 1016 497 514 196 800 1097 264 546 744 1002 822 509
152 639 645 219 330 460 505 358 590 403 455 640 670 574 610 0 150 150 441 219 228 550 286 730 605 273 351 411 305 242
156 780 794 364 357 477 647 490 596 541 602 777 742 707 611 150 0 212 544 340 354 600 427 878 668 141 501 503 443 367
72 596 640 218 480 610 579 459 740 490 509 721 811 512 760 150 212 0 333 344 346 698 260 712 749 353 379 290 270 360
400 339 452 282 736 861 581 554 992 545 487 711 971 233 1016 441 544 333 0 526 513 904 230 487 930 685 357 60 210 522
368 601 552 243 234 344 320 152 471 210 300 441 471 571 497 219 340 344 526 0 22 380 303 648 415 411 261 520 325 30
374 580 530 230 254 362 300 136 488 191 278 424 475 552 514 228 354 346 513 22 0 391 288 626 422 431 240 510 310 14
698 921 824 622 244 156 495 384 170 430 549 521 165 917 196 550 600 698 904 380 391 0 677 922 85 580 594 900 698 382
330 353 380 70 527 646 378 325 774 323 290 517 741 290 800 286 427 260 230 303 288 677 0 455 700 559 148 240 22 296
784 152 98 514 876 961 430 551 1069 495 375 472 903 259 1097 730 878 712 487 648 626 922 455 0 902 1002 393 544 442 624
756 915 806 650 318 241 471 388 241 423 537 475 80 921 264 605 668 749 930 415 422 85 700 902 0 657 602 931 720 411
294 912 914 492 340 436 731 564 536 622 701 851 736 843 546 273 141 353 685 411 431 580 559 1002 657 0 616 644 577 441
441 340 300 161 495 596 230 213 716 191 141 368 631 323 744 351 501 379 357 261 240 594 148 393 602 616 0 380 158 240
353 398 505 280 720 847 609 565 978 563 516 743 977 292 1002 411 503 290 60 520 510 900 240 544 931 644 380 0 224 520
341 336 370 92 550 668 388 343 797 338 298 526 761 270 822 305 443 270 210 325 310 698 22 442 720 577 158 224 0 317
388 581 526 240 254 358 290 123 483 180 272 412 463 555 509 242 367 360 522 30 14 382 296 624 411 441 240 520 317 0
23 4 87
16 20 35
18 17 33
4 9 39
17 3 21
14 22 80
28 21 69
17 21 69
11 5 61
24 8 24
13 17 51
15 14 61
18 10 48
22 28 2
7 3 29
13 19 57
6 13 49
26 25 61
17 7 45
9 3 30
9 12 44
25 11 85
25 20 43
7 14 54
28 0 34
22 23 45
27 22 24
15 2 64
25 13 84
13 23 25
25 22 55
18 16 54
29 13 55
29 22 29
14 3 73
20 28 31
1 5 93
18 0 40
2 13 24
10 26 14
2 22 38
22 9 32
17 4 48
23 17 71
3 14 73
24 0 75
17 25 35
0 27 35
29 17 36
21 13 91
15 27 41
3 7 29
12 28 76
4 24 31
13 11 59
25 10 70
11 20 42
3 0 28
21 24 8
4 17 48
19 8 47
19 17 34
10 23 37
2 28 37
21 8 17
23 5 96
28 13 27
4 28 55
1 4 83
24 6 47
25 5 43
17 22 26
25 14 54
10 25 70
6 3 37
29 5 35
24 27 93
29 23 62
17 15 15
27 25 64
2 5 86
10 18 48
11 26 36
15 8 59
21 12 16
13 29 55
29 25 44
7 22 32
10 2 27
9 4 39
0 1 66
14 27 100
11 19 44
29 9 18
23 2 9
14 29 50
17 28 27
0 21 69
15 3 21
6 9 11
